#layer1
#weights
5.693723633885383606e-02 1.730136573314666748e-02 3.589527308940887451e-02 -6.313574314117431641e-02 5.374009907245635986e-02 2.905016951262950897e-02 -6.476510316133499146e-02 -1.386803574860095978e-02 -1.745019480586051941e-02 -6.942117214202880859e-02 -8.408547192811965942e-02 2.141318470239639282e-01 5.776068940758705139e-02 -6.705450266599655151e-02
7.835711538791656494e-02 -1.125520281493663788e-02 4.696938022971153259e-02 2.677800953388214111e-01 -6.058239936828613281e-02 1.878287084400653839e-02 1.828710585832595825e-01 -2.287237495183944702e-01 2.735527604818344116e-02 -2.321760915219783783e-02 -1.608649939298629761e-01 1.083786115050315857e-01 3.336887955665588379e-01 -3.038790449500083923e-02
-4.672622680664062500e-02 -2.064451575279235840e-01 3.134372085332870483e-02 2.846810221672058105e-01 -1.812019050121307373e-01 1.189420968294143677e-01 4.712105542421340942e-02 7.595361769199371338e-02 -1.788562163710594177e-02 3.181255236268043518e-02 -5.893160030245780945e-02 4.812566563487052917e-02 3.735298812389373779e-01 3.659128025174140930e-02
1.594302505254745483e-01 1.748913526535034180e-01 1.107265278697013855e-01 -9.469364583492279053e-02 1.922673583030700684e-01 -7.029637694358825684e-02 2.528719045221805573e-02 -3.027504980564117432e-01 -1.483868360519409180e-01 -9.537905454635620117e-02 -3.730417415499687195e-02 2.480107918381690979e-02 -1.019028350710868835e-01 1.221604421734809875e-01
-8.247194439172744751e-02 -6.162495166063308716e-02 7.980387657880783081e-02 1.109216585755348206e-01 2.486815489828586578e-02 8.880656957626342773e-02 -3.887709230184555054e-02 6.740281730890274048e-02 3.819581866264343262e-02 5.282615125179290771e-02 2.732527256011962891e-02 -1.797830313444137573e-01 2.262282371520996094e-02 8.829923719167709351e-02
-6.737998127937316895e-02 -8.049554377794265747e-02 -1.039489135146141052e-01 1.883507668972015381e-01 1.591930091381072998e-01 1.538119316101074219e-01 -6.057663261890411377e-02 3.487964868545532227e-01 -5.616069957613945007e-02 -2.590157836675643921e-02 -2.046079747378826141e-02 -3.199686855077743530e-02 4.590890184044837952e-02 1.059120893478393555e-01
-3.110952861607074738e-02 3.987690806388854980e-01 -7.096720486879348755e-02 -2.181475162506103516e-01 2.520265579223632812e-01 2.512829005718231201e-02 -3.886380232870578766e-03 9.654401242733001709e-02 7.424937188625335693e-02 7.852245122194290161e-02 -2.676614560186862946e-02 -1.422136873006820679e-01 -2.701755464076995850e-01 -5.995952710509300232e-02
#biases
6.486688554286956787e-02 8.623296022415161133e-02 -1.980455815792083740e-01 1.193626224994659424e-02 2.576919272541999817e-02 1.436073184013366699e-01 8.180033415555953979e-03 1.356886327266693115e-01 -6.754610687494277954e-02 -2.667667903006076813e-02 1.551273465156555176e-02 6.984114646911621094e-02 -3.712624311447143555e-02 -4.278993234038352966e-02
#layer2
#weights
-1.019354015588760376e-01 -1.424443572759628296e-01 3.701733797788619995e-02 2.210670709609985352e-01 -7.179272919893264771e-02 8.070051670074462891e-02 -1.323720514774322510e-01 1.928828284144401550e-02 -1.102786436676979065e-01 -7.419216632843017578e-02 -7.800826430320739746e-02 -9.519161656498908997e-03 -1.078332960605621338e-01 -2.394511178135871887e-02
3.640226274728775024e-02 2.585326135158538818e-02 7.070416212081909180e-02 2.939215302467346191e-01 -1.578419655561447144e-01 -1.036952286958694458e-01 9.994273073971271515e-03 -2.979686260223388672e-01 1.510951220989227295e-01 3.821942955255508423e-02 6.422843039035797119e-02 1.651922762393951416e-01 2.469937056303024292e-01 -6.137806922197341919e-02
-1.256468892097473145e-01 -2.086000517010688782e-02 -9.957515448331832886e-02 -2.097116783261299133e-02 6.360646337270736694e-02 -4.755080863833427429e-02 -1.069827470928430557e-02 -2.755008079111576080e-02 -8.579622954130172729e-02 7.995046675205230713e-02 3.320347145199775696e-02 -1.675316542387008667e-01 -5.146756768226623535e-02 8.143399655818939209e-02
-6.159666925668716431e-03 -1.321184337139129639e-01 -1.079357340931892395e-01 -7.222715765237808228e-02 3.853064030408859253e-02 5.034361407160758972e-02 -5.107020959258079529e-02 2.964774966239929199e-01 -1.493110507726669312e-01 9.780383855104446411e-02 -1.013155803084373474e-01 -1.465641707181930542e-01 -1.996305435895919800e-01 5.057190731167793274e-02
7.937976159155368805e-03 -4.187591001391410828e-02 5.297288671135902405e-02 7.273019850254058838e-02 1.453690528869628906e-01 -1.275728046894073486e-01 4.533626884222030640e-02 -1.164738088846206665e-01 8.541470021009445190e-02 -1.209048032760620117e-01 5.018597096204757690e-02 4.024901241064071655e-02 2.817193865776062012e-01 3.312299773097038269e-02
-1.014595571905374527e-02 -7.499244064092636108e-02 1.655231416225433350e-02 -1.004791259765625000e-01 -4.310151562094688416e-02 2.863598242402076721e-02 1.004115678369998932e-02 8.462481945753097534e-02 7.258852571249008179e-02 -3.810664266347885132e-02 5.979294329881668091e-02 1.152911223471164703e-02 8.491034805774688721e-02 -5.459843948483467102e-02
9.589724987745285034e-02 1.378677934408187866e-01 4.476290196180343628e-02 9.216368943452835083e-02 3.831884590908885002e-03 -3.707575425505638123e-02 -5.825034901499748230e-02 -1.029088720679283142e-02 8.115097135305404663e-02 8.656022697687149048e-02 -3.714510798454284668e-02 1.857581138610839844e-01 -9.059635549783706665e-02 -1.121373772621154785e-01
-1.057028472423553467e-01 -5.554522946476936340e-02 -3.095849044620990753e-02 -3.447727859020233154e-01 -1.216051504015922546e-01 1.165440827608108521e-01 -4.728868231177330017e-02 1.312119066715240479e-01 -1.775413937866687775e-02 1.629975736141204834e-01 1.823844611644744873e-01 2.634210139513015747e-02 3.166125118732452393e-01 -5.400470108725130558e-04
2.459831908345222473e-02 -6.340577732771635056e-03 1.783238053321838379e-01 5.951521545648574829e-02 8.798757940530776978e-02 1.241422221064567566e-01 3.649380803108215332e-02 -4.800668358802795410e-02 1.943624578416347504e-02 3.905063122510910034e-02 -4.195695277303457260e-03 -2.068085968494415283e-02 -1.633824110031127930e-01 -1.412644237279891968e-01
-1.195037662982940674e-01 -6.011155247688293457e-02 -4.200010001659393311e-02 1.317626535892486572e-01 6.565497070550918579e-02 -1.337475478649139404e-01 3.123966045677661896e-02 -5.920732766389846802e-02 4.911557957530021667e-02 4.231839440762996674e-03 8.905211836099624634e-02 -3.845748305320739746e-02 2.627498097717761993e-02 -1.105754151940345764e-01
-1.410179684171453118e-04 1.508534140884876251e-02 3.813592717051506042e-02 -7.777862250804901123e-02 2.933917939662933350e-02 -3.449198848102241755e-04 -8.464703708887100220e-02 2.440996468067169189e-02 3.147481009364128113e-02 -5.683124810457229614e-02 -3.580356761813163757e-02 -6.525718420743942261e-02 -6.381437182426452637e-03 3.393428772687911987e-02
1.426643431186676025e-01 -1.115308552980422974e-01 1.527703702449798584e-01 2.235623635351657867e-02 -3.498471155762672424e-02 -5.292580649256706238e-02 -8.004621416330337524e-02 -6.590298563241958618e-02 -2.391186542809009552e-02 2.229200117290019989e-02 -7.504110038280487061e-02 1.815797388553619385e-01 -2.067271918058395386e-01 -9.849317371845245361e-02
1.676894724369049072e-01 -7.171954959630966187e-02 5.038089677691459656e-02 -6.097658723592758179e-02 1.432256866246461868e-02 6.051168590784072876e-02 1.269008517265319824e-01 1.658648550510406494e-01 -4.901418462395668030e-02 2.642173171043395996e-01 -3.096645511686801910e-02 5.338555574417114258e-02 -4.190257787704467773e-01 -9.097855538129806519e-03
-1.617711596190929413e-02 -1.224494129419326782e-01 7.273270934820175171e-02 -9.905955754220485687e-03 1.225061789155006409e-01 1.184088587760925293e-01 3.242965415120124817e-02 3.702204301953315735e-02 -1.513898819684982300e-01 3.534955158829689026e-02 -8.720483630895614624e-02 -2.249520039185881615e-03 1.511806696653366089e-01 5.667776986956596375e-02
#biases
6.209714338183403015e-02 -5.760572478175163269e-02 -1.045101881027221680e-01 1.920054256916046143e-01 -1.234169602394104004e-01 -1.413813233375549316e-01 -2.822399884462356567e-02 7.543544471263885498e-02 -1.364577263593673706e-01 8.910946547985076904e-03 -1.440908610820770264e-01 -3.693122416734695435e-02 2.739653587341308594e-01 -3.412050008773803711e-02
#layer3
#weights
-1.203622762113809586e-02 1.771353632211685181e-01 5.474407225847244263e-02 1.011984571814537048e-01 -1.257097423076629639e-01 -5.666197091341018677e-02 -3.625921159982681274e-02
-2.324059372767806053e-03 -9.306760877370834351e-02 5.761591717600822449e-02 -1.376336514949798584e-01 -3.567304834723472595e-02 -6.010485813021659851e-02 -1.461763083934783936e-01
-1.878494322299957275e-01 -5.022896081209182739e-02 -9.048077464103698730e-02 -1.201804503798484802e-01 -5.101567134261131287e-02 1.333842333406209946e-02 -2.168879471719264984e-02
-3.030432946979999542e-02 2.243999093770980835e-01 -1.640042811632156372e-01 3.305626809597015381e-01 -7.027517422102391720e-04 -2.823443710803985596e-01 1.967843323945999146e-01
2.827903022989630699e-03 -3.802062571048736572e-02 -1.905026286840438843e-01 -2.803594246506690979e-02 2.941704168915748596e-02 1.524901241064071655e-01 1.381419897079467773e-01
4.624465014785528183e-03 -1.049504503607749939e-01 1.369038224220275879e-01 1.526628136634826660e-01 7.846006006002426147e-02 -1.087498888373374939e-01 -2.927242219448089600e-02
-4.110916703939437866e-02 3.731207177042961121e-02 -9.413231164216995239e-02 -5.171012133359909058e-02 1.412331312894821167e-01 -2.435762062668800354e-02 -7.156454026699066162e-02
-9.822933375835418701e-02 1.488023996353149414e-01 2.620999515056610107e-01 -1.036237776279449463e-01 -1.615724712610244751e-02 2.362167537212371826e-01 -1.815648674964904785e-01
6.397085636854171753e-02 1.052153259515762329e-01 -1.941009238362312317e-02 -3.471704199910163879e-02 -9.484560787677764893e-02 -3.489122493192553520e-03 1.580765098333358765e-01
-5.935224890708923340e-02 7.548050582408905029e-02 1.441923081874847412e-01 -1.362955719232559204e-01 -1.036899164319038391e-02 5.571125075221061707e-02 -8.658263087272644043e-02
1.426507383584976196e-01 1.564947366714477539e-01 1.856243982911109924e-02 -9.546349197626113892e-02 1.742354966700077057e-02 -3.781544417142868042e-02 1.624955832958221436e-01
-9.139830619096755981e-02 5.290769785642623901e-02 -4.750292003154754639e-02 1.060177311301231384e-01 -9.454996325075626373e-03 -7.742188870906829834e-02 -2.433622488752007484e-03
-1.072665378451347351e-01 -3.271694183349609375e-01 -3.257579803466796875e-01 1.906108856201171875e-02 -1.031618490815162659e-01 2.042791247367858887e-01 4.551689922809600830e-01
-5.063709244132041931e-02 -1.454253196716308594e-01 7.238786667585372925e-02 7.609740644693374634e-02 9.549276903271675110e-03 -2.395553700625896454e-02 -8.023258298635482788e-02
#biases
3.394690752029418945e-01 4.594255685806274414e-01 8.970496058464050293e-02 7.688915729522705078e-02 5.095238238573074341e-02 5.227306485176086426e-01 7.354282140731811523e-01
