#layer1
#weights
8.719548583030700684e-01 -3.721657991409301758e-01 3.589527308940887451e-02 3.631452322006225586e-01 1.576741188764572144e-01 4.773480296134948730e-01 -1.497952453792095184e-02 -4.298147857189178467e-01 -1.477758139371871948e-01 -7.030829042196273804e-02 -8.408547192811965942e-02 1.208644747734069824e+00 -2.239162772893905640e-01 -3.797608613967895508e-01
-4.116331338882446289e-01 5.843525528907775879e-01 4.696938022971153259e-02 6.077766418457031250e-01 2.627971954643726349e-02 -1.688050627708435059e-01 1.195714473724365234e+00 -6.658595800399780273e-01 -3.080643713474273682e-02 -2.242035418748855591e-02 -1.608649939298629761e-01 1.137326061725616455e-01 6.466641426086425781e-01 -1.856073141098022461e-01
2.421182543039321899e-01 -2.912410534918308258e-02 3.134372085332870483e-02 4.191599190235137939e-01 -2.113402038812637329e-01 2.190770059823989868e-01 -4.449777305126190186e-01 1.715642213821411133e-01 6.030541062355041504e-01 4.829422384500503540e-02 -5.893160030245780945e-02 8.578245341777801514e-02 1.349285125732421875e+00 3.123069107532501221e-01
8.472981452941894531e-01 7.230350971221923828e-01 1.107265278697013855e-01 1.111156344413757324e-01 2.476775646209716797e-01 -1.804971247911453247e-01 -8.695568889379501343e-02 -2.994606792926788330e-01 -3.114176392555236816e-01 -9.570261090993881226e-02 -3.730417415499687195e-02 -2.328043580055236816e-01 -1.723083294928073883e-02 3.998394012451171875e-01
-8.101286366581916809e-03 3.204418346285820007e-02 7.980387657880783081e-02 9.958387911319732666e-02 2.641341462731361389e-02 5.783212929964065552e-02 -1.586876995861530304e-02 3.363343700766563416e-02 4.132414609193801880e-02 5.275070667266845703e-02 2.732527256011962891e-02 -1.760147511959075928e-01 4.643785580992698669e-02 1.034654602408409119e-01
-2.139673382043838501e-01 5.072588101029396057e-02 -1.039489135146141052e-01 8.021004199981689453e-01 1.074546933174133301e+00 5.973637700080871582e-01 1.635028272867202759e-01 1.019260168075561523e+00 -3.998551964759826660e-01 -2.522961422801017761e-02 -2.046079747378826141e-02 -3.831005394458770752e-01 3.942877519875764847e-03 4.235194027423858643e-01
1.649985015392303467e-01 6.840298175811767578e-01 -7.096720486879348755e-02 -8.111504912376403809e-01 4.868111312389373779e-01 1.832391917705535889e-01 1.658514142036437988e-01 2.303690612316131592e-01 6.387684345245361328e-01 5.431456118822097778e-02 -2.676614560186862946e-02 3.031266629695892334e-01 7.696242071688175201e-03 6.201570387929677963e-03
#biases
1.092461794614791870e-01 -4.661321938037872314e-01 -1.980455815792083740e-01 9.490965306758880615e-02 -7.368193268775939941e-01 -3.903799355030059814e-01 -4.520375132560729980e-01 -5.335534363985061646e-02 -6.764926016330718994e-03 -3.883649036288261414e-02 1.551273465156555176e-02 -1.572294235229492188e-01 -1.196391955018043518e-01 -5.353646352887153625e-02
#layer2
#weights
7.108855061233043671e-04 -1.424443572759628296e-01 -6.354404240846633911e-02 7.264441251754760742e-01 -7.179272919893264771e-02 1.598974913358688354e-01 -1.303374171257019043e-01 1.890122294425964355e-01 -1.128855571150779724e-01 -2.638766765594482422e-01 -7.810539752244949341e-02 1.665262281894683838e-01 -4.562155902385711670e-02 -2.030626498162746429e-02
2.165349125862121582e-01 2.585326135158538818e-02 1.414951533079147339e-01 5.134057402610778809e-01 -1.578419655561447144e-01 -3.247749293223023415e-03 -2.691177069209516048e-04 -4.576636850833892822e-01 1.439658254384994507e-01 1.833976209163665771e-01 5.260079726576805115e-02 2.565170526504516602e-01 9.508115798234939575e-02 -8.729295432567596436e-02
-1.256468892097473145e-01 -2.086000517010688782e-02 -9.957515448331832886e-02 -2.097116783261299133e-02 6.360646337270736694e-02 -4.755080863833427429e-02 -1.069827470928430557e-02 -2.755008079111576080e-02 -8.579622954130172729e-02 7.995046675205230713e-02 3.320347145199775696e-02 -1.675316542387008667e-01 -5.146756768226623535e-02 8.143399655818939209e-02
8.493492752313613892e-02 -1.321184337139129639e-01 -3.311014175415039062e-01 -3.751395270228385925e-02 3.853064030408859253e-02 1.726320981979370117e-01 -6.902188807725906372e-02 5.588850975036621094e-01 -1.494517028331756592e-01 3.379497230052947998e-01 -1.027447283267974854e-01 -1.605777740478515625e-01 4.383399710059165955e-02 1.059140339493751526e-01
4.364360272884368896e-01 -4.187591001391410828e-02 1.139536947011947632e-01 2.985024750232696533e-01 1.453690528869628906e-01 -1.366415768861770630e-01 3.787643089890480042e-02 -4.426282830536365509e-03 8.122883737087249756e-02 -1.497147083282470703e-01 3.476544842123985291e-02 1.965578049421310425e-01 5.325493812561035156e-01 8.815354667603969574e-03
3.427371084690093994e-01 -7.499244064092636108e-02 -2.043306082487106323e-02 -1.758218407630920410e-01 -4.310151562094688416e-02 2.186856716871261597e-01 -2.338356352993287146e-05 1.365629434585571289e-01 7.245746999979019165e-02 -2.944023013114929199e-01 4.965864494442939758e-02 -9.179932065308094025e-03 2.900835573673248291e-01 -6.411085277795791626e-02
5.221454501152038574e-01 1.378677934408187866e-01 -1.973568834364414215e-02 -1.438760012388229370e-01 3.831884590908885002e-03 -2.691274285316467285e-01 -7.192886620759963989e-02 -1.184277385473251343e-01 7.892381399869918823e-02 4.288582205772399902e-01 -3.719960525631904602e-02 2.745644934475421906e-02 -1.492161154747009277e-01 -1.209576502442359924e-01
-2.118178270757198334e-02 -5.554522946476936340e-02 1.657864153385162354e-01 -3.954239785671234131e-01 -1.216051504015922546e-01 1.518171429634094238e-01 -6.274355947971343994e-02 1.145090349018573761e-02 -1.803859136998653412e-02 -1.151147857308387756e-01 1.542125046253204346e-01 -2.138346284627914429e-01 3.943370580673217773e-01 1.359137799590826035e-02
1.312800943851470947e-01 -6.340577732771635056e-03 2.636407911777496338e-01 -7.318223267793655396e-02 8.798757940530776978e-02 4.814181923866271973e-01 3.459454327821731567e-02 -4.242180883884429932e-01 1.943624578416347504e-02 -2.618529498577117920e-01 -4.969224333763122559e-03 -5.517337843775749207e-02 2.071045897901058197e-02 -1.487330049276351929e-01
-1.168758049607276917e-01 -6.011155247688293457e-02 -4.199554398655891418e-02 1.335285007953643799e-01 6.565497070550918579e-02 -1.337409168481826782e-01 3.125732764601707458e-02 -6.026586145162582397e-02 4.911557957530021667e-02 2.654183888807892799e-03 8.936051279306411743e-02 -3.864999860525131226e-02 1.473650429397821426e-02 -1.105754151940345764e-01
-1.410179684171453118e-04 1.508534140884876251e-02 3.813592717051506042e-02 -7.777862250804901123e-02 2.933917939662933350e-02 -3.449198848102241755e-04 -8.464703708887100220e-02 2.440996468067169189e-02 3.147481009364128113e-02 -5.683124810457229614e-02 -3.580356761813163757e-02 -6.525718420743942261e-02 -6.381437182426452637e-03 3.393428772687911987e-02
5.882480144500732422e-01 -1.115308552980422974e-01 -2.780990675091743469e-02 -6.906791776418685913e-02 -3.498471155762672424e-02 3.162311390042304993e-02 -8.326561748981475830e-02 2.151979133486747742e-02 -2.420590445399284363e-02 -3.457011282444000244e-01 -7.506769895553588867e-02 3.610113926697522402e-04 -2.609398961067199707e-01 -9.784027189016342163e-02
8.914998918771743774e-02 -7.171954959630966187e-02 -1.892119646072387695e-01 -1.117925494909286499e-01 1.432256866246461868e-02 8.297528624534606934e-01 1.070558130741119385e-01 -1.841655522584915161e-01 -4.937641695141792297e-02 1.952744871377944946e-01 -3.100245073437690735e-02 -8.743139915168285370e-03 -8.996494859457015991e-02 1.170059572905302048e-02
-1.499260663986206055e-01 -1.224494129419326782e-01 1.293886154890060425e-01 1.485752910375595093e-01 1.225061789155006409e-01 2.067546993494033813e-01 2.574491128325462341e-02 3.030000068247318268e-02 -1.532305181026458740e-01 1.067548245191574097e-01 -8.984601497650146484e-02 1.337383985519409180e-01 2.288998365402221680e-01 6.207232549786567688e-02
#biases
-3.709904849529266357e-01 -5.760572478175163269e-02 -1.440752856433391571e-02 -1.225015223026275635e-01 -1.234169602394104004e-01 -2.771015763282775879e-01 -4.228147491812705994e-02 3.219080567359924316e-01 -1.431953161954879761e-01 2.343640774488449097e-01 -1.808465123176574707e-01 -1.098119243979454041e-01 8.224291354417800903e-02 5.183456093072891235e-02
#layer3
#weights
3.571880757808685303e-01 3.523191511631011963e-01 -1.715738885104656219e-02 2.422171179205179214e-03 1.526268781162798405e-03 1.519438028335571289e-01 2.081424444913864136e-01
-2.324059372767806053e-03 -9.306760877370834351e-02 5.761591717600822449e-02 -1.376336514949798584e-01 -3.567304834723472595e-02 -6.010485813021659851e-02 -1.461763083934783936e-01
-1.950210779905319214e-01 -4.693184420466423035e-02 -2.006174474954605103e-01 -5.456193909049034119e-02 -2.094708755612373352e-02 -6.763001531362533569e-02 1.739348769187927246e-01
1.955587416887283325e-01 -1.711521856486797333e-02 8.629303425550460815e-03 5.114436745643615723e-01 3.236333280801773071e-02 -1.069366633892059326e-01 7.272005826234817505e-02
2.827903022989630699e-03 -3.802062571048736572e-02 -1.905026286840438843e-01 -2.803594246506690979e-02 2.941704168915748596e-02 1.524901241064071655e-01 1.381419897079467773e-01
6.446327269077301025e-02 3.991371020674705505e-02 5.802201032638549805e-01 1.439755433239042759e-04 2.257165266200900078e-03 9.044650942087173462e-03 -1.614566594362258911e-01
-4.017627984285354614e-02 3.940090164542198181e-02 -9.899441897869110107e-02 -4.687430709600448608e-02 1.385274976491928101e-01 -3.366161510348320007e-02 -7.316283881664276123e-02
2.950296998023986816e-01 -1.064937785267829895e-01 -9.544305503368377686e-02 -4.042376577854156494e-02 -6.502816453576087952e-03 2.039961367845535278e-01 -4.338694810867309570e-01
6.367859244346618652e-02 1.050725057721138000e-01 -1.948923990130424500e-02 -3.481099382042884827e-02 -9.490945190191268921e-02 -3.761780448257923126e-03 1.580353081226348877e-01
-3.533616662025451660e-01 4.610177278518676758e-01 -2.422750741243362427e-02 -1.416894048452377319e-02 4.512304905802011490e-03 1.380559355020523071e-01 -2.031902223825454712e-01
1.423278599977493286e-01 1.556199789047241211e-01 1.897220313549041748e-02 -9.526848793029785156e-02 1.761372387409210205e-02 -3.637312352657318115e-02 1.623656153678894043e-01
-3.093814551830291748e-01 -8.230608887970447540e-03 -5.848158523440361023e-02 1.444081664085388184e-01 2.930325455963611603e-03 9.265360422432422638e-03 -1.192365363240242004e-01
-2.031906247138977051e-01 -1.798314303159713745e-01 2.982882224023342133e-02 -1.059698220342397690e-02 1.699877087958157063e-03 5.376766920089721680e-01 1.182883605360984802e-01
-5.699538812041282654e-02 -1.240474656224250793e-01 7.368929684162139893e-02 7.172602415084838867e-02 1.035378407686948776e-02 -3.417772054672241211e-02 -1.505699753761291504e-01
#biases
3.085666596889495850e-01 2.857858240604400635e-01 4.510664939880371094e-02 9.392764419317245483e-02 1.326775643974542618e-02 2.150644510984420776e-01 8.069059252738952637e-01
