#layer1
#weights
7.874010205268859863e-01 -3.039290010929107666e-01 3.589527308940887451e-02 5.225006937980651855e-01 -1.929896138608455658e-02 3.758409991860389709e-02 -7.316591590642929077e-02 -2.868479788303375244e-01 -2.364266365766525269e-01 -7.080052047967910767e-02 -8.408547192811965942e-02 1.247228264808654785e+00 -2.583028674125671387e-01 -3.306457698345184326e-01
-3.704487979412078857e-01 6.269941329956054688e-01 4.696938022971153259e-02 5.704847574234008789e-01 -2.049266397953033447e-01 -2.717844843864440918e-01 1.150770664215087891e+00 -5.197923183441162109e-01 -1.060603410005569458e-01 -2.230400405824184418e-02 -1.608649939298629761e-01 1.544595360755920410e-01 6.991364359855651855e-01 -1.266034841537475586e-01
2.055206298828125000e-01 -9.418471902608871460e-02 3.134372085332870483e-02 3.811957836151123047e-01 -5.776067376136779785e-01 1.990797966718673706e-01 -4.291785061359405518e-01 2.067667543888092041e-01 6.470631957054138184e-01 4.840087145566940308e-02 -5.893160030245780945e-02 1.405861079692840576e-01 1.226712942123413086e+00 2.697952091693878174e-01
8.239383101463317871e-01 6.399239897727966309e-01 1.107265278697013855e-01 8.543615788221359253e-02 3.359798789024353027e-01 -2.423096448183059692e-01 -3.175342828035354614e-02 -1.607703119516372681e-01 -1.782064586877822876e-01 -9.569425880908966064e-02 -3.730417415499687195e-02 -2.558874189853668213e-01 1.283929869532585144e-02 3.966415822505950928e-01
-3.222479298710823059e-02 1.722101308405399323e-02 7.980387657880783081e-02 8.506593853235244751e-02 3.512895852327346802e-02 7.849323004484176636e-02 -1.557909045368432999e-02 3.780547156929969788e-02 5.471931397914886475e-02 5.274648591876029968e-02 2.732527256011962891e-02 -1.914208084344863892e-01 4.959713667631149292e-02 1.057228595018386841e-01
-2.147133648395538330e-01 5.748143419623374939e-02 -1.039489135146141052e-01 8.996065258979797363e-01 6.801049113273620605e-01 3.827946782112121582e-01 2.303313910961151123e-01 1.254020810127258301e+00 -4.079155027866363525e-01 -2.515290118753910065e-02 -2.046079747378826141e-02 -3.028715848922729492e-01 -4.157088324427604675e-02 3.646163046360015869e-01
1.088789030909538269e-01 6.837123036384582520e-01 -7.096720486879348755e-02 -6.705513596534729004e-01 4.307537078857421875e-01 -1.766992211341857910e-01 1.124603897333145142e-01 4.297633469104766846e-01 4.938680827617645264e-01 5.404045060276985168e-02 -2.676614560186862946e-02 4.580197334289550781e-01 -4.177485406398773193e-02 5.299600586295127869e-02
#biases
6.301653385162353516e-02 -4.871217310428619385e-01 -1.980455815792083740e-01 -5.469059944152832031e-02 -5.056275129318237305e-01 9.573846310377120972e-02 -3.785711526870727539e-01 -3.382877111434936523e-01 9.968613833189010620e-02 -3.859081491827964783e-02 1.551273465156555176e-02 -3.609339594841003418e-01 -5.716581270098686218e-02 -1.956474408507347107e-02
#layer2
#weights
-1.527306903153657913e-02 -1.424443572759628296e-01 -4.985684063285589218e-05 6.978996992111206055e-01 -7.179272919893264771e-02 1.853981167078018188e-01 -1.155765205621719360e-01 2.396005392074584961e-01 -1.127053722739219666e-01 -2.116551399230957031e-01 -7.802560925483703613e-02 3.349368646740913391e-02 -5.255679041147232056e-02 -1.113110035657882690e-01
3.640909492969512939e-01 2.585326135158538818e-02 1.158672571182250977e-01 4.941936731338500977e-01 -1.578419655561447144e-01 -1.832086220383644104e-02 -2.821846492588520050e-02 -3.890808224678039551e-01 1.452053189277648926e-01 2.105287909507751465e-01 5.227465927600860596e-02 2.122554183006286621e-01 1.370738744735717773e-01 -2.616630196571350098e-01
-1.256468892097473145e-01 -2.086000517010688782e-02 -9.957515448331832886e-02 -2.097116783261299133e-02 6.360646337270736694e-02 -4.755080863833427429e-02 -1.069827470928430557e-02 -2.755008079111576080e-02 -8.579622954130172729e-02 7.995046675205230713e-02 3.320347145199775696e-02 -1.675316542387008667e-01 -5.146756768226623535e-02 8.143399655818939209e-02
1.809175312519073486e-01 -1.321184337139129639e-01 -2.361683547496795654e-01 2.850350178778171539e-02 3.853064030408859253e-02 1.435420364141464233e-01 -5.841874517500400543e-03 5.967558026313781738e-01 -1.493398547172546387e-01 3.430062830448150635e-01 -1.026480421423912048e-01 -1.342423707246780396e-01 1.164956986904144287e-01 1.134011000394821167e-01
2.272752523422241211e-01 -4.187591001391410828e-02 1.118540838360786438e-01 3.312610089778900146e-01 1.453690528869628906e-01 -4.161673486232757568e-01 4.381372407078742981e-02 -1.131151542067527771e-01 8.198333531618118286e-02 -1.631792634725570679e-01 3.620776534080505371e-02 1.295729279518127441e-01 3.570542335510253906e-01 -1.661722175776958466e-02
-1.031300425529479980e-01 -7.499244064092636108e-02 2.066087163984775543e-02 -2.546741068363189697e-01 -4.310151562094688416e-02 1.315267533063888550e-01 7.931377738714218140e-03 2.346308976411819458e-01 7.257203012704849243e-02 -5.767531320452690125e-02 4.983526095747947693e-02 -3.646992146968841553e-02 1.211408898234367371e-01 -1.792013645172119141e-02
4.680679142475128174e-01 1.378677934408187866e-01 -1.561472192406654358e-02 -8.393131196498870850e-02 3.831884590908885002e-03 -2.854253351688385010e-01 -5.384309962391853333e-02 -1.124397814273834229e-01 7.942070066928863525e-02 4.691364765167236328e-01 -3.716111555695533752e-02 1.823203563690185547e-01 -9.074027836322784424e-02 -1.385940313339233398e-01
2.284619212150573730e-01 -5.554522946476936340e-02 7.115362584590911865e-02 -3.250357806682586670e-01 -1.216051504015922546e-01 2.622767686843872070e-01 -1.261547803878784180e-01 7.816391438245773315e-02 -1.838542148470878601e-02 -1.950509697198867798e-01 1.537399291992187500e-01 -5.067013204097747803e-02 6.628341078758239746e-01 -1.320563107728958130e-01
4.117401316761970520e-03 -6.340577732771635056e-03 2.452135384082794189e-01 -5.910617113113403320e-02 8.798757940530776978e-02 4.795852899551391602e-01 3.732948377728462219e-02 -3.714441657066345215e-01 1.943624578416347504e-02 -1.823908835649490356e-01 -4.216915927827358246e-03 -5.335877463221549988e-02 -5.957467015832662582e-03 -1.951490342617034912e-01
-1.167931780219078064e-01 -6.011155247688293457e-02 -4.199285432696342468e-02 1.336473971605300903e-01 6.565497070550918579e-02 -1.337259858846664429e-01 3.126637265086174011e-02 -6.030361354351043701e-02 4.911557957530021667e-02 2.685622079297900200e-03 8.936411142349243164e-02 -3.866242989897727966e-02 1.449576765298843384e-02 -1.105754151940345764e-01
-1.410179684171453118e-04 1.508534140884876251e-02 3.813592717051506042e-02 -7.777862250804901123e-02 2.933917939662933350e-02 -3.449198848102241755e-04 -8.464703708887100220e-02 2.440996468067169189e-02 3.147481009364128113e-02 -5.683124810457229614e-02 -3.580356761813163757e-02 -6.525718420743942261e-02 -6.381437182426452637e-03 3.393428772687911987e-02
7.146634459495544434e-01 -1.115308552980422974e-01 4.156267642974853516e-02 -1.463153213262557983e-01 -3.498471155762672424e-02 9.160366654396057129e-02 -6.598500162363052368e-02 8.077590167522430420e-02 -2.418838813900947571e-02 -4.178575277328491211e-01 -7.505407184362411499e-02 5.540880560874938965e-02 -1.414609551429748535e-01 -2.336955368518829346e-01
5.278439819812774658e-02 -7.171954959630966187e-02 -3.035872243344783783e-02 -9.455205500125885010e-02 1.432256866246461868e-02 7.448722720146179199e-01 1.687071472406387329e-01 -1.739845573902130127e-01 -4.924997687339782715e-02 2.993885278701782227e-01 -3.097602911293506622e-02 1.542728394269943237e-02 -1.591282337903976440e-01 -2.272964641451835632e-02
-1.332765966653823853e-01 -1.224494129419326782e-01 1.203502267599105835e-01 2.254659682512283325e-01 1.225061789155006409e-01 2.401117682456970215e-01 1.217094529420137405e-02 1.181340683251619339e-02 -1.528801023960113525e-01 9.648152440786361694e-02 -8.878776431083679199e-02 5.370591208338737488e-02 2.106399685144424438e-01 8.813295513391494751e-03
#biases
-3.686507940292358398e-01 -5.760572478175163269e-02 -9.134192764759063721e-02 -1.373092681169509888e-01 -1.234169602394104004e-01 -2.924865484237670898e-01 2.804263494908809662e-02 1.809947043657302856e-01 -1.418894678354263306e-01 2.227976173162460327e-01 -1.813223958015441895e-01 -1.126068830490112305e-01 1.039486825466156006e-01 2.795610725879669189e-01
#layer3
#weights
3.048742115497589111e-01 3.512971401214599609e-01 1.359976083040237427e-02 1.235070079565048218e-02 3.473567310720682144e-03 1.427946239709854126e-01 2.491026073694229126e-01
-2.324059372767806053e-03 -9.306760877370834351e-02 5.761591717600822449e-02 -1.376336514949798584e-01 -3.567304834723472595e-02 -6.010485813021659851e-02 -1.461763083934783936e-01
-2.259786278009414673e-01 -3.665248304605484009e-02 -1.091002300381660461e-01 -7.573296874761581421e-02 -6.034385040402412415e-02 -1.219816580414772034e-01 5.141860991716384888e-02
9.256375581026077271e-02 -5.081014335155487061e-02 -4.346885252743959427e-03 5.489125847816467285e-01 3.451673313975334167e-02 -1.054337024688720703e-01 1.440794579684734344e-02
2.827903022989630699e-03 -3.802062571048736572e-02 -1.905026286840438843e-01 -2.803594246506690979e-02 2.941704168915748596e-02 1.524901241064071655e-01 1.381419897079467773e-01
4.758697748184204102e-02 3.120367228984832764e-02 6.520394086837768555e-01 -2.213601209223270416e-02 -9.560959413647651672e-03 2.720752730965614319e-03 -1.432390213012695312e-01
-1.248436328023672104e-02 8.023528009653091431e-02 -8.209903538227081299e-02 -4.218712076544761658e-02 1.034835204482078552e-01 -8.287294209003448486e-02 -1.423148810863494873e-01
3.527023494243621826e-01 -7.849823683500289917e-02 -2.753470279276371002e-02 -2.262812852859497070e-02 -3.847890533506870270e-03 2.939881682395935059e-01 -3.755728006362915039e-01
6.357436627149581909e-02 1.051094010472297668e-01 -1.954911462962627411e-02 -3.542352840304374695e-02 -9.490669518709182739e-02 -3.679350716993212700e-03 1.579560935497283936e-01
-3.213779628276824951e-01 4.577646255493164062e-01 1.686559990048408508e-03 -2.490732260048389435e-02 -2.976585412397980690e-03 1.918182373046875000e-01 -2.073121666908264160e-01
1.420709043741226196e-01 1.553187817335128784e-01 1.893190294504165649e-02 -9.526005387306213379e-02 1.760845817625522614e-02 -3.610419854521751404e-02 1.625472009181976318e-01
-1.061623543500900269e-01 1.004716530442237854e-01 -2.506924606859683990e-02 2.772750705480575562e-02 4.130253940820693970e-02 1.006879284977912903e-02 -3.296546870842576027e-03
-2.524564266204833984e-01 -1.846222430467605591e-01 -1.287498604506254196e-02 -3.598476201295852661e-02 1.782788312993943691e-03 5.278086662292480469e-01 1.565663218498229980e-01
-1.739739924669265747e-01 -7.938195765018463135e-02 -6.164807826280593872e-03 -2.970734983682632446e-02 -1.376392599195241928e-02 -6.916758418083190918e-02 -3.897368013858795166e-01
#biases
2.566254436969757080e-01 3.271135687828063965e-01 3.869773074984550476e-02 3.682037070393562317e-02 1.038779597729444504e-02 2.510089576244354248e-01 8.400503993034362793e-01
